
Writing ec 81 = 00
EC RAM:
00: 00 00 00 00 00 00 00 00 00 00 00 14 00 00 00 30 
10: 03 00 04 00 00 00 00 00 00 00 00 00 00 00 00 00 
20: 00 00 00 00 00 00 00 00 00 00 00 00 00 00 00 00 
30: 00 00 00 00 00 00 00 00 00 00 00 00 00 00 00 00 
40: 00 00 00 00 00 00 00 00 00 00 00 00 01 00 00 00 
50: 07 01 c7 2c 00 00 01 40 f4 01 04 18 00 15 04 1a 
60: 00 00 00 00 00 00 00 00 00 00 00 00 00 00 00 00 
70: 62 03 04 01 08 61 00 00 0c 00 00 5a 00 00 00 00 
80: 00 00 00 00 00 00 00 00 0b 00 00 0d 00 00 00 00 
90: 00 00 00 04 ff ff 00 00 00 c1 00 00 00 00 03 0c 
a0: 80 80 80 80 80 80 80 80 26 20 19 00 27 00 80 18 
b0: 80 80 80 80 00 00 00 00 18 00 27 1a 00 00 00 0b 
c0: 42 01 b1 00 00 40 01 00 00 00 00 00 00 00 00 00 
d0: 32 2b 3a 35 44 3c 50 46 5a 56 61 59 62 63 00 00 
e0: a2 0f 28 12 56 00 55 08 63 30 04 e0 55 08 a4 0b 
f0: 4a 34 48 54 33 30 57 57 28 31 2e 31 31 29 20 00 
